Parallel Random Mutation Hill Climber: n = 10, 10 iterations
1.
[[1.65825997, 2.23466924, 5.72797256],
 [2.2146322, 3.14928631, 4.12574685],
 [0.05974225, 2.47678114, 2.96267699],
 [0.14853049, 3.69654073, 3.72479398]]
2.
[[2.24970102, 3.11655626, 2.29726588],
 [3.60210761, 1.89789239, 5.56367093],
 [4.97403247, 0.52596753, 4.20822255],
 [1.08853234, 2.58142986, 2.14691906]]
3.
[[4.14818058, 1.35181942, 2.96419809],
 [1.94687245, 2.17322004, 3.28697633],
 [1.80378362, 3.41600532, 2.17218858],
 [1.66989123, 3.47286122, 6.11758489]]
4.
[[3.86315599, 1.63684401, 1.24847944],
 [0.38920803, 2.24014268, 6.07811321],
 [4.6357583, 0.8642417, 4.54484008],
 [1.04121807, 2.48555899, 5.16359853]]
5.
[[1.66959954, 3.68987952, 4.52517455],
 [0.74654793, 4.68992249, 1.37374654],
 [5.33436716, 0.16563284, 5.81889906],
 [0.93610155, 3.88900514, 0.52720092]]
6.
[[2.1682564, 2.98390155, 3.27341339],
 [0.03099404, 3.20435348, 1.08615265],
 [0.31742008, 0.91388455, 6.09307389],
 [5.33589371, 0.16410629, 0.12021528]]

Hill Climber: 100 iterations
1.
[[0.20482159, 0.97034339, 0.23503017],
 [0.26462755, 0.68056294, 0.01075862],
 [0.76512905, 0.88095057, 0.20651193],
 [0.03924551, 1.00454198, 0.17812605]]

Random Search 100 iterations
1.
[[2.01011776, 3.48359859, 1.52021155],
 [0.30272935, 3.40493838, 6.01752635],
 [4.33604424, 4.08797452, 0.85596467],
 [0.88850055, 2.90163503, 4.02575453]]

REINFORCE 1000 iterations
1.
[[0.07830114, 0.15138176, 0.05636533],
 [0.20147628, 0.41290334, 0.11273421],
 [0.0595977, 0.11789516, 0.08169377],
 [0.18459229, 0.21574071, 0.19571546]]

 ----------------------------------------------------------------------

 POSITIONAL control

 Hill Climber 1000 iterations
 1.
 [[ 0.01937524,  0.27656218,  0.05542189],
 [-0.08386459,  0.16256345,  0.0        ],
 [-0.28541862,  0.28458138,  0.06174749],
 [ 0.07287496,  0.28122491,  0.0        ]]
